BarrierLength: 500
BayDepth: 3
BermEl: 1.9
BurialLimit: 0.5
C1: 8.8
C2: 4.6
Cbb_i: 0.8
Cbb_r: 0.5
Cx: 10.0
DShoreface: 8.9
Dmaxel: 3.4
Dshrub: 2.0
Dstart: 0.5
DuneParamStart: true
DuneRestart: 0.075
DuneWidth: 20.0
Female: 0.5
GermRate: 0.6
GrowthParamStart: true
HdDiffu: 0.75
Ki: 7.5e-06
Kr: 7.5e-05
LShoreface: 461.3868411367856
MHW: 0.5
MaxShrubHeight: 3.5
MaxUpSlope: 0.25
OWss_i: 2
OWss_r: 1
Qs_bb_min: 1
Qs_min: 1.0
Qshrub_max: 0.15
RSLR_Constant: true
RSLR_const: 0.004
Rat: 0.0
Rin_i: 0.25
Rin_r: 2.0
SalineLimit: 0.05
Seedmax: 1000.0
Seedmin: 100.0
ShorefaceToe: 54.99999999999998
ShrubEl_max: 2.3
ShrubEl_min: 0.6
Shrub_ON: false
SprayDist: 170
StormSeries: []
StormStart: 2
TMAX: 100
TideAmp: 1.2
TimeFruit: 5.0
UprootLimit: -0.3
beta: 0.04
disp_mu: -0.721891
disp_sigma: 1.5
k_sf: 26983.223032111026
mm: 2.0
nn: 0.5
rmax: 0.85
rmin: 0.35
s_sf_eq: 0.019329993766927633
threshold_in: 0.25
